4.011666058083595
3.0597894352498574
2.580153378135006
2.2433781745832633
1.991679898074608
1.7943084019982174
1.6341457700689264
1.5028998896368424
1.395180352470573
1.306629812376447
1.2335972845261074
1.1729677290405565
1.1220405474045891
1.0785071039773793
1.0405061898085293
1.0066651584776762
0.9760560285466645
0.9480792277031843
0.922335552843447
0.8985328521454246
0.8764365717661292
0.8558496585464983
0.8366048752058898
0.818560408414867
0.8015964475389168
0.7856125343988163
0.7705249365154142
0.7562628783337269
0.7427631441623578
0.7299637197628916
0.7177978785927835
0.706190117815448
0.6950548301617331
0.6842979339004455
0.6738211092918187
0.6635278666745795
0.6533303908951633
0.6431559819800337
0.6329519831486566
0.6226883742493678
0.6123576676970308
0.6019722670298965
0.5915599023056436
0.5811580351719818
0.5708081846478297
0.5605509846670643
0.5504225155622166
0.5404521388840844
0.5306617812578824
0.521066404172656
0.5116752794434147
0.5024936591165939
0.4935244656716457
0.4847697107140058
0.4762314555947381
0.46791223623893297
0.4598149719631087
0.45194245416487033
0.4442965603811446
0.4368773616388284
0.4296822888704371
0.42270550199032675
0.415937568321091
0.409365510739781
0.40297323533251217
0.39674229864497396
0.39065293103703685
0.3846852002924599
0.3788201827773211
0.37304101060866796
0.3673336824539629
0.3616875598154018
0.3560955145107664
0.3505537395266009
0.3450612772351003
0.33961934999252963
0.334230594411778
0.3288983009103099
0.3236257460147258
0.3184156801301913
0.3132700031853182
0.3081896301669212
0.30317452278928
0.2982238456743676
0.29333619690631874
0.2885098633289629
0.28374305872144695
0.27903411540278666
0.2743816140308816
0.26978444981008365
0.26524184408108475
0.2607533172215013
0.25631864162012663
0.25193779256184623
0.24761091101325158
0.24333828663652976
0.23912036305230014
0.23495776149268094
0.23085131438755196
0.22680209767370088
0.22281144995657196
0.21888096803202023
0.21501247137299323
0.2112079324857211
0.20746937489916004
0.20379874528357844
0.20019777015022147
0.19666781022896818
0.1932097265994851
0.18982377183455787
0.18650951691965623
0.18326582089090349
0.18009084551924395
0.1769821126004361
0.1739365971320288
0.1709508464170971
0.1680211132984859
0.16514349143655743
0.1623140417026331
0.15952890107326964
0.15678436844586063
0.15407696506892915
0.15140347033300972
0.148760936134865
0.1461466846772755
0.14355829531500403
0.14099358595825232
0.1384505937595794
0.13592755856849
0.1334229111946144
0.1309352671165234
0.128463425105068
0.12600636942963517
0.12356327394217383
0.12113350637628127
0.11871663158626619
0.1163124130702354
0.11392081283472122
0.11154199032652048
0.10917630165686518
0.10682430058265764
0.10448674264118377
0.10216459345837135
0.09985904161281163
0.09757151562373648
