0.0006060600280761719
0.023998498916625977
0.0472564697265625
0.06827020645141602
0.08927464485168457
0.11042547225952148
0.13156986236572266
0.15482687950134277
0.17586255073547363
0.19707632064819336
0.2180008888244629
0.24158406257629395
0.2652297019958496
0.28938865661621094
0.31058645248413086
0.33446502685546875
0.35813283920288086
0.37925100326538086
0.407914400100708
0.4186270236968994
0.44218969345092773
0.4662313461303711
0.4872934818267822
0.5085046291351318
0.5296084880828857
0.563629150390625
0.5641896724700928
0.5852313041687012
0.6078994274139404
0.6288104057312012
0.6497330665588379
0.6724028587341309
0.6953856945037842
0.7180938720703125
0.7393040657043457
0.7622165679931641
0.7869889736175537
0.8130724430084229
0.8340556621551514
0.8348689079284668
0.8660838603973389
0.8666963577270508
0.8922078609466553
0.9131982326507568
0.9375195503234863
0.9586219787597656
0.9817509651184082
1.0029277801513672
1.0239510536193848
1.0472233295440674
1.0703034400939941
1.0912628173828125
1.1215379238128662
1.1355655193328857
1.1579794883728027
1.1805212497711182
1.2015414237976074
1.223726511001587
1.2447383403778076
1.2656729221343994
1.2880222797393799
1.3100979328155518
1.3362152576446533
1.3472704887390137
1.3713719844818115
1.392552137374878
1.416515588760376
1.4376018047332764
1.4598174095153809
1.480726957321167
1.5017716884613037
1.5227751731872559
1.5521597862243652
1.5672428607940674
1.5882444381713867
1.611255168914795
1.6345646381378174
1.6554603576660156
1.6780405044555664
1.7003345489501953
1.7211270332336426
1.7419359683990479
1.767045021057129
1.7890427112579346
1.8099746704101562
1.8324759006500244
1.8548438549041748
1.8758962154388428
1.8968193531036377
1.919037103652954
1.9412200450897217
1.9621062278747559
1.9864933490753174
2.007617950439453
2.0287320613861084
2.052093744277954
2.0750858783721924
2.0979549884796143
2.120654344558716
2.1433231830596924
2.1642515659332275
2.1852927207946777
2.2062461376190186
2.2273614406585693
2.2555294036865234
2.2663676738739014
2.289409875869751
2.3123786449432373
2.33333420753479
2.356091022491455
2.379016637802124
2.400045394897461
2.421025514602661
2.4443366527557373
2.46781849861145
2.491208076477051
2.5249550342559814
2.525524377822876
2.5473430156707764
2.5688650608062744
2.5907135009765625
2.612640142440796
2.634523868560791
2.6554982662200928
2.6775131225585938
2.698438882827759
2.72059965133667
2.7415611743927
2.7625925540924072
2.7888689041137695
2.8149797916412354
2.8271193504333496
2.84964656829834
2.872469663619995
2.8934504985809326
2.9162206649780273
2.9391558170318604
2.961740493774414
2.9826719760894775
3.0037944316864014
3.024832248687744
3.047572135925293
3.0689353942871094
3.091365337371826
3.1123712062835693
3.1345999240875244
3.1569342613220215
3.184054136276245
3.200981855392456
3.2230026721954346
3.223621129989624
3.245414972305298
3.2672646045684814
3.288341760635376
3.310250997543335
3.3421456813812256
3.3478102684020996
3.364577054977417
3.3763043880462646
3.3982017040252686
3.419872999191284
3.441544532775879
3.463346004486084
3.4843170642852783
3.506239891052246
3.538501501083374
3.544128179550171
3.56099009513855
3.5718772411346436
3.5938315391540527
3.6147797107696533
3.635673761367798
3.6576976776123047
3.679563045501709
3.701396942138672
3.722384214401245
3.744511127471924
3.76544451713562
3.7864584922790527
3.8088314533233643
3.8310065269470215
3.851923704147339
3.87426495552063
3.89518404006958
3.9162087440490723
3.9389889240264893
3.960012435913086
3.9810872077941895
4.0123326778411865
4.01292610168457
4.033939599990845
4.054963827133179
4.077552318572998
4.100104331970215
4.122584819793701
4.1451334953308105
4.16616678237915
4.188841342926025
4.211499214172363
4.239667654037476
4.25049090385437
4.273049831390381
4.295464754104614
4.317949056625366
4.340447902679443
4.362999200820923
4.385249853134155
4.4074623584747314
4.4297661781311035
4.450666427612305
4.4778149127960205
4.494799375534058
4.516880989074707
4.522483587265015
4.533908128738403
4.555694341659546
4.577498197555542
4.598583459854126
4.620518445968628
4.642338275909424
4.663450479507446
4.684388637542725
4.705393075942993
4.726285219192505
4.748155355453491
4.769848108291626
4.790950775146484
4.8130669593811035
4.835271596908569
4.856239318847656
4.87867546081543
4.899674892425537
4.920576572418213
4.953088283538818
4.958690166473389
4.974543333053589
4.986086368560791
5.008131980895996
5.029240369796753
5.051677465438843
5.074109315872192
5.09508490562439
5.117174386978149
5.138089179992676
5.160064220428467
5.180910110473633
5.20181131362915
5.223891973495483
5.244951486587524
5.267096042633057
5.289292335510254
5.311438083648682
5.332451820373535
5.354507207870483
5.38156533241272
5.397375106811523
5.4089577198028564
5.430710792541504
5.461977481842041
5.462539196014404
5.4835524559021
5.515558242797852
5.521288633346558
5.5434956550598145
5.55587363243103
5.556595087051392
5.5889952182769775
5.5996973514556885
5.610397815704346
5.621110677719116
5.631797790527344
5.637408971786499
5.659357070922852
5.660029411315918
5.691182851791382
5.696890354156494
5.7088329792022705
5.729918003082275
5.750857830047607
5.782930374145508
5.793630361557007
5.804337978363037
5.809882879257202
5.832125186920166
5.8430187702178955
5.853889226913452
5.864909648895264
5.86560583114624
5.886780261993408
5.907879829406738
5.928903341293335
5.964320421218872
5.980395555496216
5.994258642196655
6.029696941375732
6.035496234893799
6.055665493011475
6.08125376701355
6.0870795249938965
6.09785008430481
