0.02080198282729928
0.036425599716738956
0.02505089846861999
0.011197663096397274
0.023811631406568116
0.004691511020624945
0.02429848632380278
0.0006196335310259361
0.010533770027440914
0.02598034876515889
0.02828184473754094
0.030140745330618748
0.026467203682393557
0.008232274055058865
0.004071877489599009
0.028812959192706027
0.04009914136496415
0.01823492962733469
0.024918119854828717
0.043816942551119765
0.023501814641055146
0.011994334779144905
0.04257767548906789
0.0030096485792688323
0.008188014517128441
0.01358767814464017
0.00849783128264141
0.02695405859962822
0.0008409312206780561
0.006019297158537665
0.007170045144728689
0.015003983358413738
0.023811631406568116
0.039125431530494824
0.01624325042046561
0.008674869434363104
0.015844914579091793
0.009471541117110738
0.03921395060635567
0.00796671682747632
0.02637868460653271
0.012348411082588297
0.02243958573072497
0.044126759316632735
0.019739753916969107
0.011507479861910242
0.02770647074444543
0.04408249977870231
0.010179693723997522
0.017305479330795785
